1895771161
75589986
1987329890
1650463822
122163643
267354577
1810263836
1705245435
2056265489
1650958278
225365220
1997193313
1300077996
1493289710
596522953
273467568
1702234662
1249201135
1480017239
507505190
594883918
1160372958
1216822779
579708601
1010988633
791498286
475144706
2114548049
154983260
70561370
162791863
2050754421
146151356
2638105
1553734596
268314999
269992682
1216514784
1973560434
178774524
719989414
51442006
28484189
2020067411
1544731716
625007142
146051331
1099482731
1874208278
1626068570
